r=4, lora_alpha=16, lora_droupout=0.01
[3.546500, 3.709200, 4.301700, 4.819800, 3.711400, 4.576800, 3.430900, 4.059200, 3.854300, 2.946100] 
r=4, lora_alpha=16, lora_droupout=0.05
[4.467900, 6.132100, 4.285900, 4.892600, 3.361900, 3.508200, 3.650600, 4.935500, 3.329800, 3.362100] 
r=4, lora_alpha=32, lora_droupout=0.01
[4.216100, 3.759000, 4.464700, 3.173100, 3.603700, 4.032700, 2.224600, 3.516400, 3.928600, 2.806800] 
r=4, lora_alpha=32, lora_droupout=0.05
[3.666600, 3.799600, 4.180700, 4.083500, 5.420700, 3.360000, 3.478800, 2.815300, 4.393100, 2.923200]
r=4, lora_alpha=64, lora_droupout=0.01
[4.023500, 3.773700, 4.410600, 4.478800, 3.150200, 3.424200, 3.468700, 3.550400, 2.864000, 3.346700]
r=4, lora_alpha=64, lora_droupout=0.05
[2.663000, 4.080300, 4.344000, 4.257100, 2.731800, 3.335100, 3.478600, 2.607700, 2.683500, 3.340800] 
r=8, lora_alpha=16, lora_dropout=0.01
[5.350000, 5.106600, 4.215400, 3.695600, 3.945000, 4.040100, 3.698400, 4.189300, 2.888500, 2.990200] 
r=8, lora_alpha=16, lora_dropout=0.05
[3.636200, 4.686700, 4.662200, 3.449300, 3.605500, 3.880400, 3.513000, 4.201500, 4.197600, 4.184000] 
r=8, lora_alpha=32, lora_dropout=0.01
[3.672600, 4.704800, 3.769900, 3.476200, 3.693000, 3.220400, 3.483300, 3.444900, 2.697500, 2.805100] 
r=8, lora_alpha=32, lora_dropout=0.05
[4.906000, 3.103700, 3.479300, 4.016900, 3.696400, 3.377300, 4.823300, 2.672700, 2.663500, 2.060700] 
r=8, lora_alpha=64, lora_dropout=0.01
[3.787400, 4.192800, 3.631300, 3.232200, 3.492600, 3.275800, 2.446500, 2.776000, 2.878000, 2.466100]
r=8, lora_alpha=64, lora_dropout=0.05
[4.778900, 4.259900, 3.340800, 3.408500, 3.425800, 2.590000, 2.388200, 2.679200, 3.524100, 3.072800] 
r=16, lora_alpha=16, lora_dropout=0.01
[3.999400, 4.681000, 4.882900, 3.407100, 4.695300, 3.717100, 3.332800, 4.013600, 3.930800, 3.868200] 
r=16, lora_alpha=16, lora_dropout=0.05
[2.952000, 3.757400, 4.083100, 3.431600, 3.946100, 3.641800, 4.118600, 3.239500, 3.139000, 3.635500] 
r=16, lora_alpha=32, lora_dropout=0.01
[4.288600, 4.953100, 4.083400, 3.058500, 3.423900, 2.840300, 3.250600, 3.513500, 3.454100, 2.923800] 
r=16, lora_alpha=32, lora_dropout=0.05
[3.964100, 3.524900, 3.979200, 5.136800, 3.462600, 2.860600, 3.241100, 2.819300, 3.083800, 3.135200] 
r=16, lora_alpha=64, lora_dropout=0.01
[4.521800, 4.190300, 4.594500, 4.324300, 3.943400, 4.050300, 3.172200, 3.169100, 3.296900, 3.324900] 
r=16, lora_alpha=64, lora_dropout=0.05
[3.638600, 3.889300, 4.963200, 4.014600, 3.245800, 1.829100, 3.043900, 3.156700, 2.786600, 3.310000] 