prompt_tuning_init=PromptTuningInit.RANDOM, num_virtual_tokens=2 
[5.5821, 4.6343, 5.4308, 9.5488, 4.6984, 5.0369, 5.3065, 5.5736, 5.1398, 4.2015, 5.4996, 8.9656, 4.4992, 5.201, 5.3283, 4.3906, 4.8641, 5.2106, 4.5719, 5.534]
prompt_tuning_init=PromptTuningInit.RANDOM, num_virtual_tokens=4 
[5.6066, 5.98, 6.1748, 5.0989, 5.4205, 6.639, 5.7349, 6.0926, 5.7484, 5.3978, 5.5605, 5.7043, 5.3437, 5.9767, 6.1552, 4.8585, 5.7003, 5.1832, 5.1135, 6.3642]
prompt_tuning_init=PromptTuningInit.RANDOM, num_virtual_tokens=8 
[5.6305, 4.6642, 4.877, 6.0577, 4.9005, 5.7207, 4.8289, 5.4709, 5.3048, 4.7726, 4.8811, 5.6915, 4.782, 5.5171, 4.846, 5.1986, 4.9123, 5.3392, 4.7522, 6.0888]
prompt_tuning_init=PromptTuningInit.RANDOM, num_virtual_tokens=16 
[5.1993, 6.4379, 5.6523, 5.175, 5.1433, 5.5035, 5.3883, 4.8202, 5.3483, 4.9661, 5.0779, 5.3325, 5.0982, 5.2544, 5.4555, 4.7968, 5.0959, 5.0584, 4.7949, 5.6358]
prompt_tuning_init=PromptTuningInit.RANDOM, num_virtual_tokens=32 
[5.9754, 5.895, 5.8592, 5.9531, 5.7035, 6.5359, 5.5965, 5.871, 5.5929, 5.7173, 5.7829, 5.7151, 5.597, 5.3044, 5.3092, 5.9337, 5.5168, 5.5608, 5.5536, 5.2752]
prompt_tuning_init=PromptTuningInit.TEXT, num_virtual_tokens=2 
[3.9982, 4.4515, 3.9995, 4.4662, 4.2942, 3.5859, 4.0003, 3.988, 4.0162, 3.6595, 3.9069, 3.8995, 4.0056, 3.8067, 3.8163, 4.0401, 3.8604, 3.9617, 3.7767, 3.9705]
prompt_tuning_init=PromptTuningInit.TEXT, num_virtual_tokens=4 
[4.0368, 4.6725, 3.9313, 4.3251, 4.0677, 3.9019, 4.4657, 3.0999, 3.785, 4.1395, 4.0113, 3.5169, 3.6559, 4.0322, 4.0101, 3.2412, 3.7931, 3.5543, 3.7885, 3.5712]
prompt_tuning_init=PromptTuningInit.TEXT, num_virtual_tokens=8 
[3.9887, 3.5786, 3.921, 3.558, 3.4432, 3.687, 3.5015, 3.8442, 3.6159, 3.4261, 3.6316, 3.2349, 3.4056, 3.3861, 3.4584, 3.2031, 3.2794, 3.2822, 3.409, 3.0967]
prompt_tuning_init=PromptTuningInit.TEXT, num_virtual_tokens=16 
[4.1095, 3.9919, 3.939, 3.7257, 3.779, 3.6843, 3.7466, 3.5001, 3.5891, 3.192, 3.4303, 3.6625, 3.5585, 3.1641, 3.4565, 3.2953, 3.3667, 3.3064, 3.4322, 3.2816]
prompt_tuning_init=PromptTuningInit.TEXT, num_virtual_tokens=32 
[3.3599, 4.0508, 3.2009, 3.6572, 3.2996, 3.0142, 3.2646, 2.749, 2.7977, 3.174, 2.7172, 3.3476, 2.5872, 3.1185, 2.6656, 2.5696, 2.5076, 2.891, 2.8882, 2.107]
